76414
76416
76417
76408
76404
76406
76407
76409
76403
76400
76405
4957
76522
76522
76523
76523
76524
76524
76525
76526
76527
76528
76529
4414
4413
44772
78936
78937
78934
78932
78939
78935
78933
78931
78930
78906
78907
78907
78904
78902
78909
78909
78905
78903
78903
78901
78900
78900
63301
63300
78946
78947
78944
78942
78949
78943
78941
78940
78966
78967
78964
78962
78969
78965
78963
78961
78960
79091
38840
7875
79430
7867
79092
36863
7877
7965
7966
7966
79400
79670
79500
79510
64883
64883
64882
64881
64884
64880
5223
37443
7810
79380
78192
37940
7961
36834
7864
7637
7831
5202
7042
76381
76382
65973
65971
65970
76383
7812
7812
2515
2514
99960
99961
V4976
9131
9130
9101
9100
9151
9150
9171
9170
9141
9140
9161
9160
9191
9190
9121
9120
9111
9110
52123
52125
52124
52120
566
6163
67513
67512
67511
67514
67510
37313
5695
5720
5130
5131
6012
5273
2541
74421
74401
6260
75681
75613
7475
31383
1339
7441
75556
75682
9982
37835
5236
7916
5300
72671
5360
36854
9403
2762
7060
38811
V8801
V4571
V4573
V4578
V4577
V4576
V4574
V4575
52510
7012
6203
38845
42971
2867
36855
38032
7383
7369
7382
7380
7388
7386
7389
73671
2839
5370
V8812
7384
38053
38052
38051
38050
V8811
75555
2530
8400
7020
0398
0399
38602
38601
E0076
34120
5711
30301
30302
30303
30300
38105
38106
38104
0060
57512
51884
51853
51884
4210
36400
570
36522
5224
5400
5401
5409
5409
37205
46619
46619
46611
46611
4660
4660
51911
37531
37206
5173
5750
42841
37200
37200
4150
41181
5950
5950
37501
37532
69272
42831
5361
53220
53201
53200
53210
53230
33372
5184
4219
36001
46431
46430
20701
20700
53012
4612
38151
4461
37202
4611
53120
53100
53110
53131
53130
53501
53500
53400
53431
53430
52301
52300
58081
5800
5804
58089
5809
27401
27951
07041
07051
07051
42091
38011
3570
37600
6150
51633
66932
66934
5846
5847
5845
5848
46401
46400
4650
46420
20801
20800
683
20402
20401
20400
20400
38302
38300
4610
20600
20601
38102
20502
20501
20500
20500
41000
41001
41002
41020
41021
41030
41031
41010
41011
41012
41040
41041
41042
41050
41051
41080
41081
41082
41090
41091
41092
4220
42290
38400
460
460
38100
38100
42843
42833
42833
42823
42823
6145
73007
73003
73004
73006
73009
73008
73008
73005
73001
73000
73002
33811
5770
5770
04500
6143
2983
53320
53300
53310
53331
53330
4200
42090
38001
52333
38321
462
462
04510
04590
33812
33921
2851
2851
6010
5061
5080
59011
59010
5849
5849
51881
51851
51851
51881
3911
3919
3912
3910
6140
38103
38101
4619
4619
4613
38202
38201
38200
38200
38012
42821
2450
463
463
46411
46410
4658
4658
4659
4659
5570
45384
45382
45342
45342
45341
45386
45389
45387
45385
45381
45340
45383
436
436
4742
0914
0790
37104
36474
38511
38513
7260
38510
4231
30924
30924
3090
3093
30928
3094
3094
30982
30983
7370
2552
99582
7837
7837
99580
99584
99581
5165
99583
V621
30110
36653
36650
V5482
V5481
V5844
V5844
V2622
V5843
V5842
V5873
V5876
V5878
V5878
V5872
V5874
V5871
V5877
V5875
V5423
V5424
V5422
V5426
V5429
V5421
V5425
V5427
V5410
V5413
V5413
V5414
V5412
V5412
V5416
V5419
V5419
V5411
V5411
V5415
V5417
75231
7485
52331
52330
30021
30022
9580
2911
2912
2915
2913
30501
30502
30503
30500
30500
76071
29181
2910
4255
5712
5710
53531
53530
5713
3575
31501
78461
7337
9402
2763
71626
71620
5186
5583
2870
4772
4771
4778
4770
4779
4779
7080
V1503
52566
V1506
V1507
V1502
V1505
V1501
V1508
V1504
9953
70401
70400
70400
2734
28243
78097
78097
37805
37806
37808
37807
37815
37816
37818
37817
37845
52472
52473
5265
3310
36800
0065
0064
2940
67313
30441
30443
30440
30571
30572
30573
30570
27730
33520
5690
5650
5651
79675
56942
5646
56943
99941
99949
99942
99562
99568
99565
99566
99563
99567
99569
99561
99564
99560
20066
20062
20061
20065
20068
20060
36502
1269
25951
25950
2818
28521
28521
28522
64823
64822
64821
64824
64824
64820
28529
28529
7766
7766
2859
2859
2822
7400
4423
44281
4420
41411
41410
4422
44289
44284
4171
4421
44283
44282
4429
73322
4130
56984
56985
53783
53782
9951
37221
7050
74345
1271
36732
37941
36731
V4974
7200
7216
71857
71854
71856
71855
71851
71850
71852
5200
7591
74721
74781
7566
37885
74404
75567
7514
7592
74769
7520
7517
52412
52419
52410
7560
7590
7537
4267
75670
74720
74740
74860
75610
74760
7830
3071
3481
3481
V280
V284
V285
V281
V286
64133
37933
83651
37903
36601
36613
36472
V7261
76077
30581
30580
2853
28411
28653
28653
3017
29384
30000
30000
4419
44770
4241
V4581
37931
7843
7843
78441
2849
78603
78603
79982
79982
541
V4452
75236
37945
2660
73391
52104
2632
44422
44421
4170
4470
4476
V454
V454
7133
7131
71177
7136
7135
71144
71145
7138
71180
71150
71116
71110
71120
71697
71693
71694
71694
71696
71696
71699
71698
71695
71691
71690
71690
71692
0889
0659
V6443
99521
99646
71807
71803
71804
71809
71808
71805
71801
71800
V4383
501
1270
267
73345
73349
73340
73340
73342
73341
73343
73344
1173
79901
9947
77016
77014
77086
E9685
E9685
E9689
49392
49392
49391
49390
49390
36720
64653
64652
64651
64654
64650
V08
V4981
4549
44581
44502
4400
44031
44024
44021
44022
44023
44020
44032
4408
4401
44030
33371
5964
74722
7512
7512
7511
7536
74601
42731
42731
42732
4260
42610
38481
53511
53510
38482
6114
5270
6083
5294
6241
31401
31401
31400
31400
79951
V553
V555
V551
V551
V552
V554
V556
V558
V558
V550
V550
V559
38422
29682
3502
29681
29681
38844
29900
29900
29901
27949
2830
57142
27941
V4502
3373
30182
8713
V4983
6060
7245
7245
36201
36210
7907
77183
7907
0085
0419
0419
4829
4951
7584
60781
6071
0070
37143
28866
V4586
64923
64921
64920
9930
9931
53085
0880
25513
17311
17381
17341
17321
17301
17371
17331
17351
17361
17391
4350
V4984
V4984
V695
1361
3510
V4965
V4975
20965
20969
20951
20961
20955
20941
20943
20964
20957
20956
20940
20960
62134
4011
64201
64203
64204
64200
64202
4011
40211
40210
3482
60021
60020
6109
69460
2270
2233
2139
2130
2250
217
2123
2275
2252
2190
2246
2113
2243
2244
2191
2251
2112
2162
2110
2249
2240
2161
2210
2103
2127
2108
2117
2230
2247
2242
2121
2100
2115
2137
2131
2290
2102
2229
2125
2120
2107
2259
2241
2104
2119
2106
2248
2298
2218
2228
2168
220
2116
2271
2136
2221
2109
2274
2273
2124
2222
2114
2231
2245
2118
2133
2164
2134
2224
2138
2135
2160
2167
2163
2165
2166
2169
2253
2254
2111
2220
2126
226
2101
2105
2122
2299
2232
22381
2199
2211
2132
2212
38611
40511
V6282
28244
36925
36924
36904
36922
36901
72612
75234
47834
47833
5891
75161
5716
78704
77932
7914
8244
8245
36830
29680
29680
29656
29655
29651
29652
29654
29654
29653
29650
29646
29645
29641
29642
29644
29643
29640
29666
29665
29661
29662
29662
29664
29663
29660
2967
2967
29606
29605
29601
29602
29604
29603
29600
7679
9210
5960
1160
37300
37434
37220
37446
33381
36042
36041
9133
9132
9103
9102
9153
9152
9173
9172
9172
9142
9163
9162
9193
9192
9123
9122
9113
9112
94426
94220
94223
94523
94324
94224
94221
94222
94124
94121
94322
94122
94120
94522
94321
94127
94225
94420
94525
94123
94524
94520
94129
94529
94329
94428
9462
94128
94125
94229
94425
94126
94325
94421
94526
94422
94521
94424
94423
94323
94427
9492
94320
V5902
V5901
5781
5781
V582
V434
99932
V8521
V8522
V8523
V8524
V8525
V8530
V8531
V8532
V8533
V8534
V8535
V8536
V8537
V8538
V8539
V8541
V8542
V8543
V8544
V8545
V851
V850
V8552
V8553
V8554
V8551
64873
64872
64871
64874
64870
1026
V593
V4281
V424
0303
30183
73621
7234
3530
34882
74442
74441
7787
V4382
V7610
7630
66961
65213
65211
65210
65223
65221
65220
6206
99643
4941
4940
5060
490
485
37861
71741
4530
30751
37123
38401
36112
42650
7271
74322
74320
20023
20021
20028
20020
94810
94811
94820
94832
94833
94830
94842
94844
94840
94870
94800
9472
9473
9479
9471
9470
9478
94203
94503
94304
94204
94406
94201
94202
94104
94101
94302
94102
94100
94502
94301
94107
94205
94400
94505
94103
94504
94500
94109
94509
94309
94408
94108
94105
94209
94405
94106
94305
94401
94506
94402
94501
94200
94404
94403
94303
94300
94407
9490
9460
95203
95201
95204
95200
95208
95209
95205
7994
9933
72673
72673
72810
72611
72782
5940
5942
57431
57430
57441
57440
57451
57450
57481
57480
57461
57460
57471
57470
57491
57490
57401
57400
57411
57410
57421
57420
57420
5920
5949
5921
0625
11281
11284
11282
1124
1120
1120
1122
1123
1123
1129
1121
30521
30522
30523
30520
30520
30431
30432
30433
30430
1275
61183
6805
6800
6807
6804
6806
6801
6808
6802
6809
6803
2592
2305
2306
2337
2330
2312
2331
2331
2303
2301
2340
2310
2300
2308
2309
2307
2332
2348
2328
2335
2334
2304
2319
2324
2322
2320
2327
2323
2325
2326
2329
2302
2311
2349
23330
23331
23332
4275
77985
4275
9971
9971
4279
V4501
4233
78551
4293
4258
4292
3062
V570
V5781
V571
V5789
V5789
V573
V573
V579
33701
3540
V022
V020
V027
V0251
V0254
V0253
V023
V0259
V029
V0252
V028
V021
0783
V4561
99882
36632
36633
36630
29522
29524
29521
29523
29520
9524
34461
34460
7387
35571
3544
73675
73673
4474
5790
6825
6820
68100
6827
6824
6824
6826
6826
6821
5283
6828
6828
68110
6822
6822
6819
6829
6829
6823
6823
47871
47821
0201
37003
5263
38914
66823
65503
65501
65500
99701
37103
3380
38421
36231
36235
36241
32727
3344
85140
85142
85149
85146
85141
4373
4374
43491
43491
43490
4370
3480
3302
3319
7792
3485
43411
43411
43410
3301
43401
43400
38861
34981
67403
67401
67404
67400
42979
75243
75244
79505
65453
65451
65454
65450
7562
3532
64973
64971
64970
7211
7210
61884
7231
7231
6160
7233
7232
7634
66971
66970
1239
3732
0990
7828
36213
9400
78650
78650
78604
0527
0528
9915
99550
99551
99552
99554
99553
29910
31535
78064
7480
5761
57510
56781
0010
38531
38021
38532
38533
38530
38582
5756
7085
38003
71220
71237
71233
71236
71230
7564
73392
7177
7627
74353
36330
1302
36320
36340
36361
36363
65513
65511
65510
47401
496
496
5081
36523
5226
3822
37541
57511
33902
42842
28951
37210
37502
37542
30112
42832
53271
53270
37503
4732
38152
30151
78071
2453
37212
4731
53170
53471
53470
52311
52310
58281
5822
5821
5820
58289
5829
27403
27402
07044
07054
07054
57140
30111
4581
37610
35781
6151
6151
5951
36411
36410
4149
5851
5852
5853
5854
5854
5855
5859
5859
4760
20810
2891
2452
20412
20411
20410
3831
4730
4730
3222
34673
34671
34672
34670
20610
30722
38120
38015
20512
20511
20510
3841
4722
49322
49321
49320
53260
53241
53240
53250
53160
53140
53150
53440
53450
53441
6144
53360
53341
53340
53351
53350
73017
73013
73014
73016
73019
73018
73015
73010
73012
33821
3384
3384
5771
33904
5730
53370
38002
52340
57141
38322
4721
51283
33822
33922
7144
6011
4162
4169
59000
59000
7707
7707
51883
51883
393
4720
4720
6141
38110
4733
6211
42822
33912
47400
47402
4404
4142
3821
7078
7079
5571
45374
45372
45352
45351
45376
45379
45375
45371
45350
45373
45932
45939
45931
45933
45930
07023
07022
07032
60884
7911
37414
37404
37423
32737
30745
32731
32734
32733
32736
32730
7010
5715
5715
73606
7355
75558
74913
74914
74911
74912
74910
74923
74924
74921
74922
74920
74903
74904
74901
74902
74900
71634
71632
74300
83201
83101
81341
83209
83104
8370
83304
83200
83400
83809
83800
83500
83806
83402
8300
83305
83401
83804
83805
83802
83302
83301
83109
83100
83801
83803
83309
83300
83900
83941
83901
83904
83920
8398
83908
83969
83942
83906
83961
83903
83921
83940
8080
81003
81101
81202
82521
82003
81502
80110
80112
80116
80140
80142
80149
80146
80141
80130
80132
80136
80131
80120
80122
80129
80126
80121
80125
80100
80102
80109
80106
80101
81501
80602
80601
80604
80600
80607
80608
80606
80609
80605
81407
81400
80500
81000
82121
81102
81302
82523
82524
81343
81602
8052
8052
80708
82001
82122
80505
80501
80705
80704
80504
81103
81203
81408
81305
80841
82021
82000
80842
8075
81242
82120
81340
81344
8064
8054
8054
81402
8024
80227
80225
80228
80221
80223
80229
80224
80222
80226
80220
81243
81500
81500
82525
82002
81601
80508
80508
80709
81509
81603
8020
81401
82522
81504
81306
81301
8260
8260
80701
8026
81409
8028
80849
8220
81600
81404
8082
81308
80700
80669
80660
8056
8056
81109
81100
80502
80707
80507
81002
82101
82101
82321
82322
81221
81221
81503
81503
81321
81320
81323
82320
81322
80706
80506
81001
8072
82022
81201
80624
80620
80627
80626
80629
80625
80503
80703
81405
81406
81403
82020
80702
82520
81244
82100
82100
82381
82382
82382
81380
81220
81220
81240
8208
8208
81381
81381
81383
82380
81382
81200
8068
8058
82301
82302
81300
82300
80010
80012
80011
80030
80031
80020
80022
80026
80023
80021
80025
80000
80009
80006
80001
80409
80406
80420
80422
80426
80421
80430
80400
80401
83103
83204
83203
81303
8280
83202
83501
83102
82123
81241
8088
7925
73607
7815
33900
64933
64932
64931
64930
500
74710
30561
30562
30563
30560
76075
30421
30422
30423
30420
1149
79952
7897
7897
0091
0091
37723
56960
V443
78001
30481
30482
30483
30480
30471
30472
30473
30470
2792
42840
7450
27906
7453
3313
95890
52540
72761
74510
62132
78032
99699
99696
99799
99791
99689
99685
99683
99687
99681
99682
99684
99688
99680
3484
4592
8505
8502
8500
8503
8504
8509
85012
85011
7589
7589
31282
31281
31281
4269
38908
38906
38901
38904
38903
38902
38905
38900
07811
32741
65403
65401
65404
65400
75012
28733
7765
74341
74336
75010
7599
74335
75442
75443
75444
74861
74331
64853
64851
64854
64850
74330
32725
75263
74332
75162
7484
7484
7711
2863
74362
75551
75564
3430
75431
75430
75441
75435
75731
74337
75552
2861
2860
2862
75025
74686
3431
3590
7506
7786
7423
7423
7505
27904
243
7464
74355
7466
7466
7465
3433
7540
7542
7541
28801
74333
37951
75321
75322
65473
65471
65474
65483
65481
75650
75461
75733
7700
74361
74600
3432
3432
7422
7710
75311
7463
75433
75432
0909
75323
4280
4280
37254
37275
37256
37273
37272
37255
37253
37233
37230
37230
25512
37631
56400
56400
28401
4232
37332
37222
69284
6920
6923
6925
6921
6924
69289
6926
6926
6922
6929
6929
V8701
V8731
V8719
V8709
V872
V8739
V0181
V010
V0183
V0184
V0189
V0179
V0179
V015
V011
V019
V0171
V016
0512
78837
V2540
71843
71842
71847
71844
71846
71849
71848
71845
71841
71840
7286
72781
9222
92421
92302
92231
9220
92232
9221
9221
92311
9213
9211
920
920
9233
92420
92310
9224
92320
86101
92401
92233
92411
92410
86131
86121
9244
92309
9228
9238
9248
9212
92301
92300
92400
9243
9245
9229
9239
9249
9249
92303
92321
V662
V660
V664
37884
37883
30011
7790
74682
8401
66310
66313
66311
V425
37055
37181
37140
37182
37171
37124
37120
9300
37130
37060
74342
37100
37000
700
74685
4144
4143
41404
41402
41401
41406
41401
41403
41405
41400
6201
74512
85100
85106
85101
37775
36615
36603
3316
36531
7862
49382
7862
V2504
V6110
V6124
V6123
V6120
V6125
V6283
V6121
V6111
V6540
V6540
V6543
V6545
V6542
73631
75561
73632
75562
07420
0792
67611
67614
52181
72982
37722
75831
35981
35782
4644
4644
52431
92821
92611
92711
9260
9251
9273
92820
92710
92720
92801
92811
92810
9288
9268
92709
9278
9290
9252
92619
92700
92800
9283
9299
9289
9279
92703
92721
3210
1175
0074
37922
73601
73602
73740
2550
V4451
0390
0220
7726
0851
1203
7825
77083
28802
28802
30113
5772
6162
73320
5932
47826
6003
2462
74303
V8381
27703
27701
27709
27702
27702
27700
75310
1231
59581
5959
61802
61801
36253
V4450
37484
5284
0785
37500
37530
37557
37511
66561
66560
6392
3897
7982
7993
7993
65573
65571
65570
79981
9494
9495
94440
94540
94244
94342
94542
94341
94541
94444
67133
67131
67130
67142
67144
67140
1106
66033
66031
2866
V480
V481
37957
37958
2691
2690
37647
37640
6120
7224
7226
72252
72252
36454
72251
38800
37450
7093
27651
2590
66622
66624
66620
65833
65831
65830
65823
65821
65820
66231
78342
6391
77983
2930
2930
7633
2971
29411
29410
33182
29421
29420
3419
05442
52470
52102
52103
52101
52108
52107
52106
52100
V722
V4584
52450
V468
V4611
3016
3006
311
311
2980
36802
71742
7171
71740
7175
71743
7172
69281
6930
6931
69283
69282
6938
6939
6984
6940
37487
7083
1119
7103
1104
1103
1102
1101
1108
1100
1105
1105
1109
59655
36852
3154
71877
71875
71871
71870
31502
5260
31500
470
2535
2535
64803
64802
64801
64804
64800
25001
25001
25003
25000
25000
25002
25002
25021
25023
25020
25022
25011
25013
25013
25010
25012
25061
25063
25060
25062
25062
25051
25053
25050
25050
25052
25031
25033
25030
25032
25081
25083
25080
25082
25082
25071
25073
25070
25072
25041
25043
25040
25040
25042
25091
25093
25090
25090
25092
25092
36641
36207
V727
6910
6910
5513
5523
5533
78791
0093
78791
72884
74251
42830
53784
V653
V653
7197
7197
38535
6101
27911
6191
1254
03284
1234
3442
3682
V6801
37334
38523
28950
5285
3970
V486
83650
37516
8363
8364
99642
73390
37990
3067
38030
3885
2774
72610
72610
2751
5194
27785
3525
2752
60881
3492
27787
37754
37752
37751
37762
2753
3523
2771
7246
7246
72990
2460
2706
29512
29514
29515
29513
29510
7220
7222
72210
72211
65383
6121
78055
67412
67414
67410
99832
99831
67422
67424
67420
99833
99830
44102
44101
44103
44100
44321
41412
44329
44324
1125
36310
36313
36312
0312
7762
1990
36315
69275
37955
30012
30015
30013
30014
5277
7820
5206
2700
2703
2705
7811
2704
5204
73303
56211
56213
56201
56201
56210
56212
56200
5963
5306
75027
7804
7804
V4986
V598
V599
74511
7522
7580
7580
9941
29281
29284
29211
29212
64833
64831
64832
64834
64830
3393
28803
29285
7794
2920
7795
36257
37721
37871
53290
53291
53561
53560
2594
78451
70900
38181
78056
70581
2461
5305
6253
2777
6250
30276
5368
78721
78722
78722
78723
78724
78724
78720
78720
78442
56944
62210
6023
6230
3004
3004
36277
36276
7881
7881
V503
0901
0900
0902
64421
64420
78094
0920
0929
30750
30750
7462
1229
1220
1221
1224
0791
64263
64262
64261
64264
64260
2593
7614
37410
0540
37331
7823
37482
4786
60886
60886
60783
47825
64613
64614
64610
64611
7823
V623
7582
9942
9940
990
9943
71907
71907
71903
71904
71906
71909
71908
71905
71901
71900
71902
75683
08241
08240
V4362
9593
9593
65963
65961
65960
65953
65951
65950
V500
9948
2769
2769
7962
79095
79095
79582
79581
79093
79093
7901
30922
44481
44489
4441
4449
75241
75211
79924
99881
4920
5100
5109
32301
7420
34830
34830
3077
V5631
V5812
V5811
V5811
V2681
V7286
V510
V5830
V5831
V2503
V560
V560
V2881
V7212
V7211
V2511
V2511
V6546
V5402
V5721
V5721
V568
V667
V7232
V5841
V580
V2513
V5401
V2512
V5832
V5832
V283
V2882
V5883
V5883
V5722
V4613
V6889
V689
6030
5856
5856
74560
4253
42491
42490
62133
62130
62135
6176
6172
6175
6178
6171
6173
6174
6170
6179
4250
37157
67623
67621
67624
67620
7856
37651
37652
37650
0211
00862
00867
00863
00869
00861
1274
72670
72630
7265
72660
72690
7264
37400
3076
2883
7105
2883
55842
53013
53570
55841
3221
76711
0774
0771
0741
07881
07882
34571
34570
64943
64941
64944
64940
34591
34590
34590
37521
37522
37520
37901
33901
33903
33911
75262
7847
7847
73672
6220
62931
52133
52131
52134
52130
035
0271
94213
94513
94314
94214
94416
94211
94212
94114
94111
94312
94112
94110
94512
94311
94117
94215
94410
94515
94113
94514
94510
94119
94519
94319
94418
9461
94118
94115
94219
94415
94116
94315
94411
94516
94412
94511
94210
94413
94313
94310
94417
9491
94414
0570
69512
69511
69510
6952
01710
0414
53082
53081
53081
45620
45621
4560
4561
53010
53010
37841
37800
37800
3331
23871
23871
V861
V860
38150
79094
28732
37551
V704
V720
V707
7660
7903
78095
78092
78092
65663
65661
65660
52426
6262
6262
52407
2981
V6541
49381
5250
9945
9944
37842
37630
38081
52681
72691
37810
3013
3013
37034
62932
31531
7535
4555
4553
37855
4554
85240
85242
85249
85246
85241
60821
99982
7888
99981
76504
76505
76506
76507
76508
76509
76502
76503
76501
76500
76500
49302
49301
49300
36212
36252
V430
65243
65241
3519
78194
30016
6381
6389
65903
65901
65913
65911
65910
67644
67640
78341
77934
77934
78341
0840
7956
27731
2896
V6106
V6105
V6107
V6103
V6108
V6104
V196
V182
V177
V175
V190
V1851
V195
V197
V192
V180
V189
V1911
V188
V173
V166
V163
V160
V1640
V1651
V1649
V1659
V1641
V1642
V161
V1652
V184
V1811
V183
V183
V1749
V198
V1859
V1819
V187
V1869
V167
V172
V1919
V168
V1861
V170
V194
V171
V1741
V169
V1781
V1789
7294
6113
78031
78066
56032
78762
78763
7833
7833
77931
77931
68101
7141
62920
62922
30273
55202
55200
55300
55302
55303
V2621
65603
65600
77010
7720
67913
7682
7683
65633
65631
65630
7684
76495
76496
76497
76498
76494
76499
76493
76490
67803
67801
67800
76420
30281
65343
65341
65340
78061
78060
78060
6102
6103
72663
37023
9595
66404
66400
66401
42611
5261
6112
75013
5764
5755
56981
5274
5374
V522
V5332
V524
V5331
V5301
V523
V561
V561
V5351
V5391
V5350
V5302
V5882
V5882
V534
V537
V537
V5339
V5309
V5359
V5359
V528
V562
V529
V536
V5881
V5881
V538
V5399
34201
34202
34200
8074
36034
734
7873
7873
36481
78452
2766
78262
36300
36307
36306
2812
6200
V672
V676
V6751
V6751
V6709
V673
V671
V6700
V6700
V674
V6701
0059
V4973
0784
7632
66951
66950
9984
72882
7094
937
9390
9301
938
931
9351
9351
936
9302
9331
9341
9350
932
9308
9348
9393
9330
36065
9349
9352
9340
9399
9309
9391
9392
36060
V6081
66431
66434
37853
70582
70582
8090
8091
8250
8251
7672
8242
8243
8240
8241
8290
8290
8291
52564
52563
75983
0413
3340
79955
3100
9912
9911
9913
36421
94330
9493
94533
94532
94535
94534
94530
94539
9463
94536
94531
94339
94233
94436
94232
94131
94130
94430
94139
94438
94138
94239
94435
94136
94431
94230
94434
94333
94437
94433
94234
94331
78760
78760
5645
2881
4294
78072
78891
74352
75615
36833
78091
78091
6115
67663
67661
67664
67660
6116
2711
56031
V693
72741
72742
72743
7854
7854
0400
5371
53520
53191
53190
5581
5307
5307
7724
3064
538
74761
53491
53490
5363
5375
75673
53640
53640
V441
30285
3026
V2502
V2501
V702
V701
4409
30002
34511
34510
34510
7808
7808
65931
34501
34500
34500
78096
78096
9990
36845
65313
65311
65310
2882
V2633
V8401
V8402
V8489
V8409
3336
05311
05410
0910
6390
75440
7365
73641
73642
5291
37064
4465
72702
0071
52324
52322
52320
36542
36541
36562
36565
36543
36559
36544
36560
36563
36514
36570
36422
37714
5290
5296
3521
25541
2710
7915
2400
2409
7586
36473
09815
09835
09811
0980
09810
09889
09886
09837
09851
64713
64712
64710
64714
44621
27489
2749
2749
27400
27410
27481
27482
27950
3453
65943
65941
65940
38333
0992
37261
V4971
59971
62981
64633
64631
64630
7801
7801
30532
30530
30450
76073
7353
7352
7350
7351
9594
0743
07981
36322
28262
28262
28261
95901
95901
7840
33982
7840
V706
V705
V2032
V2032
V2031
V2031
V200
V650
4299
4289
V421
V433
V422
7871
7871
9922
9927
9923
9925
9926
9920
9921
04186
04186
1289
22804
22802
22809
22803
22801
22800
71917
71913
71914
71916
71919
71915
71911
71910
71912
5780
7773
6290
99812
38031
6245
6214
60882
59970
59970
33941
34291
34292
34290
34290
34633
34631
34632
34630
75614
27502
7912
2832
28311
7731
7732
7730
4230
56881
2884
0415
3200
36043
7863
78630
78630
99811
64113
64111
64110
7848
5967
37481
5789
5789
5693
4590
4590
28984
5722
5722
V0261
V0262
07052
07053
5732
5731
5733
7891
5724
37150
65523
65521
65520
5205
7570
2821
2712
27501
2829
4480
37716
3560
3591
36270
3562
3341
2820
5538
5528
5539
5519
5529
0740
05441
05443
05444
05472
05473
05473
05449
05479
0548
05440
0549
05320
05322
05321
05314
0530
05319
05329
05379
0538
05310
0539
0542
05413
0543
0545
05412
05411
0546
36847
37840
37830
7868
75265
70583
V692
32722
23873
65253
65251
66541
66544
66540
9596
9596
V4364
7513
7041
1342
11599
11592
11590
V1542
V1587
V1588
V1541
30150
20143
20146
20141
20148
20140
20161
20168
20160
20153
20152
20154
20151
20155
20158
20157
20150
20192
20194
20191
20195
20198
20197
20190
20190
20101
20122
V6285
36846
37311
37312
V074
36132
5376
05821
V6544
042
07953
0794
3334
630
6039
6039
65363
65361
74253
591
591
7733
7780
5753
5935
38842
25510
27542
2783
5215
2723
64313
64311
64310
37271
2560
1023
3141
3142
36618
3670
7285
78443
2760
7333
25200
37452
5430
60091
60090
4473
2767
44620
32714
32715
78053
78053
78054
2894
37641
64213
64211
64210
40310
40311
40300
40301
40390
40390
40391
4372
40413
40411
40410
40412
40401
40403
40400
40402
40493
40491
40490
40492
36211
66143
66141
66140
59651
6226
42511
7312
60001
60000
47412
6111
6242
72931
5931
6243
4780
5271
5293
47410
47411
47411
6212
37831
78601
2782
2784
36441
38654
38653
30271
27541
7754
3007
27900
2512
2512
2510
78444
2521
37453
61182
75232
7467
7467
2768
2768
36405
2761
2761
75261
45821
4589
4589
9916
78065
36030
37455
37832
27652
79902
77088
79902
76870
76870
30010
27783
99702
2537
5121
41511
2454
7571
31382
37121
36460
32711
32712
51630
51635
42291
3315
73302
33700
3564
51631
5161
32724
34122
7081
2914
V442
8430
8180
8181
63691
79391
9914
28731
27905
27910
3804
56030
79021
79022
38521
38522
38843
75242
684
6943
684
60784
31230
79923
38604
V601
V602
6310
V691
36612
55321
55221
55121
35971
6225
61881
61882
7610
78821
78821
78761
79382
7876
78834
7527
36574
04041
3439
3439
3434
34561
34560
6031
99851
99762
99661
99664
99666
99663
99665
99665
99667
99669
99662
99668
99660
1178
11502
11500
99931
99931
53901
53981
99939
65843
65841
65840
56961
59681
53641
53641
5909
51901
V0991
V0990
V091
V092
V090
V0980
64663
64662
64661
64664
64660
67503
67504
32361
0090
0092
075
7280
38010
6280
6284
6288
6282
6289
1349
70211
37961
37962
37960
5264
6110
48819
48812
48811
48809
48802
48802
48801
48889
48882
48881
4878
4871
4871
4870
8403
74683
7030
55011
55000
55001
55012
55013
55010
55092
55093
55090
55090
55091
95909
95909
9020
9513
86341
90301
9550
8671
8670
9049
9031
9534
7676
9534
86221
9530
9540
86350
86340
90001
9040
9564
9555
8620
9556
86331
86321
86232
86222
90081
9514
9561
9042
90222
90253
90254
90210
9011
90003
9001
86613
86612
86610
86601
86602
86600
86411
86414
86413
86410
86405
86415
86401
86404
86402
86403
86400
9532
9535
9551
8629
8628
9578
9558
9579
9510
9502
86809
86819
86399
86389
86813
86814
86810
86801
86802
86803
86804
86800
90089
9047
90189
9038
9518
86239
86229
9571
9565
9557
8677
8676
9034
86382
86381
86384
86383
9563
90441
90239
90453
9562
90140
9032
9553
86355
86345
90240
9560
86354
86344
86330
86320
86510
86502
86501
86503
86504
86500
90223
8630
9041
9570
9010
90450
86352
86342
9512
9511
9033
9552
9029
9009
9048
9019
9039
9519
9569
9559
9509
8679
8678
9539
8673
8672
8675
8674
65323
65321
9134
9105
9104
9155
9165
9125
9124
9115
9114
9135
9154
9175
9174
9145
9144
9164
9164
9195
9194
V255
V251
32701
32702
78051
78052
7981
V4585
4111
36521
37822
37821
37824
37823
31234
37820
4552
4550
8691
8690
4551
37886
V6281
74711
5181
7702
37050
72881
72271
72273
72272
72270
V453
2713
1279
00843
00845
00845
00800
00804
00846
00847
00809
0088
00849
00842
00844
56081
129
5961
431
431
3240
3249
85410
85413
85415
85400
85400
85402
85409
85406
85403
85401
85404
85405
2181
36069
3241
65643
65641
65640
6215
77210
77211
77212
77213
77214
59982
49312
49311
49310
38162
5217
31322
30121
5600
66522
66524
2442
36476
2800
2801
2809
2809
59582
36722
6264
79922
5641
5641
37741
8431
65623
65621
65620
31235
V681
7824
78492
37151
7325
7321
7324
7320
7323
1763
1764
1768
1760
1761
1769
71607
71600
7014
37044
37033
37040
37162
37161
37160
7011
7747
V594
V420
7215
31232
7587
75616
V4365
V4365
9597
9597
33511
260
4161
73710
73741
V7262
V7260
38650
38630
66531
66534
66530
8702
8701
86132
86122
8700
V694
7813
7813
V600
78340
V690
37561
37543
37420
35830
V6441
20073
20074
20071
20075
20078
20070
0323
47875
9095
9065
9067
9069
9066
9068
9086
9094
677
9093
9063
9064
9056
9085
9054
9055
9053
9050
9051
9052
9083
9073
9079
9074
9080
9081
9070
9061
9060
9099
9090
9092
9092
9072
9057
9062
9058
9091
9059
9089
138
4386
43811
4380
4387
43813
43812
43814
43821
43822
43820
43820
43840
43831
43832
43851
43852
43853
43819
43810
326
1398
1390
7757
096
0970
64323
64321
64320
37952
29553
29550
0971
83654
72632
36263
7284
5565
4262
4281
3694
V625
63512
63511
63510
63501
63532
63572
63571
63570
63582
63580
63592
63591
63590
2189
2189
V431
0300
1000
1009
3553
3554
3556
3543
3550
3542
76521
20250
36044
20247
20240
28862
28850
28850
28860
28860
3300
6222
5286
6070
6231
6235
6235
6971
6970
6979
6983
37441
37032
37863
52452
2727
2726
2143
2142
2141
2148
2140
2144
2149
2725
0270
V3901
V3900
V392
64673
64671
64670
V427
37643
99933
34541
34540
34551
34550
37262
2781
7822
36621
37061
1252
V5862
V5861
V5863
V5866
V5867
V5864
V5869
V5869
V5865
42682
V5868
75532
75522
75528
75533
75534
75537
75524
75529
75539
75526
75538
75536
75527
75247
71817
71813
71814
71819
71818
71815
71811
71810
71812
7176
73720
73742
73721
78191
52513
52512
52511
78321
78321
080
V2133
V2134
V2135
V2132
V2130
59652
23872
36512
36512
74764
42681
7242
7242
9522
3531
3534
7213
61172
5178
5172
V426
6954
08881
2893
5164
2281
4572
0490
28851
28861
0991
20016
20012
20014
20011
20010
74481
75557
75565
2733
75015
74483
74422
37155
36254
36250
37022
36256
75554
65303
65300
52402
52404
52401
52403
52406
52409
52400
29636
29635
29631
29632
29634
29633
29633
29630
29630
29626
29625
29621
29622
29624
29623
29620
29620
7313
67002
67004
67000
6069
30274
78951
20925
20926
20929
20911
20921
20912
20901
20903
20924
20910
20917
20916
20900
20923
20920
4010
20230
40201
40200
99586
20265
20268
20260
1728
1722
1721
1727
1723
1724
1725
1726
1952
1502
1609
1940
1562
1542
1464
1642
1440
1414
1473
1883
1543
1946
1535
1536
1601
1746
1410
1569
1885
1889
1571
1873
1514
1709
1700
1917
1919
1749
1749
1629
1629
1510
1945
1534
1741
1916
1921
1910
1500
1809
1450
1906
1539
1903
1715
1710
1713
1716
1714
1717
1712
1719
1904
1820
1920
1532
1881
1411
1520
1800
1949
1509
1801
1801
1561
1909
1900
1832
1849
1449
1911
1513
1560
1610
1439
1452
1570
1950
1641
1530
1489
1522
1522
1599
1499
1659
1590
1551
1574
1521
1415
1890
1841
1613
1619
1441
1466
1882
1515
1416
1405
1409
1552
1550
1977
1707
1743
1745
1431
1955
1401
1625
1505
1622
1701
1602
1649
1624
1504
1459
1600
1479
1929
1740
1914
1901
1469
1759
1869
1918
1628
1628
1648
1598
1448
1548
1418
1498
1658
1508
1458
1958
1888
1828
1808
1718
1908
1748
1568
1488
1538
1618
1878
1478
1468
1578
1528
1518
1898
1838
1830
1579
1573
1941
1913
1630
1420
1706
1706
1953
1874
1589
1490
1944
1943
181
1639
1480
1483
1643
1471
1467
1884
1871
185
1512
1511
1481
1540
1541
1891
1905
1456
1580
1703
1429
1704
1877
1708
1705
1533
1529
1453
1588
1876
1922
1591
1537
1519
1612
1421
1470
1611
1572
1912
1501
1951
1640
193
1412
1419
1460
1461
1462
1620
1531
1880
1860
1742
1744
1430
1954
1403
1400
1623
1503
1892
1886
1899
1839
179
1454
1840
1463
1413
1915
1702
1844
38014
51181
20930
40501
7361
2631
2630
5244
74687
6216
7617
73381
6104
79381
29615
29611
29612
29614
29613
29610
20044
20048
20047
20040
4956
75982
37001
20031
20035
20038
20030
61171
7635
67903
67900
66903
66900
7600
66923
66922
66921
66924
7602
7605
V824
65921
65920
7601
3151
0559
99655
99654
99601
99651
99603
99652
99602
99657
99632
99653
99659
99659
99656
99631
99604
56962
59682
53087
53642
53642
9962
9961
V4614
51902
51902
99600
99630
37402
99641
V491
37433
37862
37860
7510
77012
77011
7771
76384
77984
83653
72631
5292
5192
75316
75317
2556
5647
20721
1729
78093
38600
7816
0470
32082
32089
3209
3212
3211
3214
3229
0361
0369
0360
0362
1300
V253
34641
34640
V401
V400
64843
64842
64841
64844
64840
3551
34831
34831
75452
75453
48242
04112
03812
48241
04111
03811
6266
7421
36262
75264
74312
74310
59972
59972
74423
34603
34601
34602
34600
34613
34611
34612
34610
34693
34691
34692
34690
34690
33183
62211
64303
64301
64300
76871
317
317
36204
7686
64243
64242
64241
64244
64244
64240
2693
25542
52871
37101
37942
3131
632
3969
3940
3942
4240
4240
3963
3962
3961
3960
6252
2764
3155
3155
3084
3124
38922
38921
38920
2722
78833
1278
0845
1323
31532
31532
42612
62212
76872
3180
36205
36910
36920
36970
36572
0780
71433
2731
37801
37802
37804
37803
37811
37812
37814
37813
28863
37834
3558
3559
3559
3549
34431
34432
34430
34441
34440
29383
29383
37007
27801
9946
V492
4375
5276
2775
4911
52801
61681
6227
V615
V826
8941
8942
8940
8841
8842
8840
8190
8170
80843
80844
7597
3526
36133
25801
25802
25803
75656
65263
65261
3968
20302
20301
20300
20300
8191
8171
38424
7615
340
340
9528
0723
0729
72887
7282
3060
4955
7291
7291
35801
35800
3581
20212
20210
1174
37943
23875
28983
23876
20530
3363
1340
4291
4290
3332
37432
7913
3589
3595
3599
3671
35922
35921
0071
00845
00869
0088
0090
0340
03812
03840
0389
04112
0419
042
0579
07044
07054
07070
0740
0743
07799
07810
07811
07812
0785
0796
07999
0999
1101
1104
1105
1109
1110
1120
1123
13101
1330
1419
1532
1539
1540
1550
1578
1579
1619
1625
1628
1629
1709
1749
1820
185
1890
1919
1983
1985
1990
1991
20050
2107
2141
2149
23871
2390
2449
2452
25000
25001
25002
25010
25020
25042
25062
25080
25081
25082
25092
2512
25541
2689
2713
2753
2761
2762
27650
27651
27669
2767
2768
2777
27800
27801
2793
2800
28249
2825
28489
2851
28521
28529
2859
28659
28749
2875
28800
28802
28959
29181
2920
29281
2930
2931
29383
29421
29520
29530
29553
29560
29570
29571
29590
29600
29620
29622
29623
29630
29631
29632
29633
29634
29640
29644
29652
29660
29663
29664
29680
29689
29690
29699
2982
2988
2989
29900
29980
29990
30000
30002
3003
3004
30082
3013
30189
30301
30391
30400
30480
30500
30501
3051
30560
30570
30590
30741
30747
30753
30759
30781
3079
3090
30921
30928
3094
30981
311
31200
31234
31282
31289
3129
31323
31381
31389
31400
31401
31531
317
319
3239
32723
32726
3310
3320
3332
33390
33819
33828
33829
3383
3384
33920
340
34290
3432
3439
3441
3449
34540
34590
34610
34690
3480
3481
34830
34831
34882
34889
34982
3569
3570
3591
36220
36221
36222
36224
36616
36619
36813
36840
3689
37003
37200
37203
37214
37230
37311
37405
37530
37552
37555
37810
37835
37991
38010
38100
38101
38110
3813
3814
38200
3823
3829
38840
38870
38918
3899
3968
4010
4011
4019
40390
41041
41090
4111
4130
41400
41401
4148
41519
4168
4240
4241
4254
42611
42731
42732
42741
4275
42761
42769
42781
42789
4279
4280
42821
42822
42823
42830
42843
4293
431
43311
43400
43401
43411
43491
436
4371
4380
43820
43889
4389
44022
4409
44422
4449
45340
45341
4571
4589
4590
4599
460
4619
462
463
46420
4644
4658
4659
4660
46611
46619
4720
4730
4739
47401
47412
4770
4771
4778
4779
47819
47820
47829
47879
48282
4829
486
4871
48802
48882
49120
49121
49122
4928
49320
49381
49390
49392
496
5070
5119
51289
514
5180
51881
51883
51884
51889
51900
51919
5199
52310
5259
5265
5269
52800
5283
5285
53081
53190
53550
53560
5363
53640
53642
55090
55091
55092
5570
5583
5589
5601
5609
56400
56401
56402
56409
5641
56489
566
56723
56989
5712
5713
57149
5715
5718
5722
5728
5733
5738
5739
57420
5768
5770
5771
5779
5780
5781
5789
5798
5845
5849
5854
5856
5859
586
59010
591
5920
59370
59389
5939
5950
5952
59654
5990
59960
59970
605
6110
6141
6143
6149
6159
61610
6235
6259
6260
6261
6268
63492
64240
64243
64403
64413
64511
64883
650
65103
65421
65513
65523
65583
65653
65803
65811
66624
67200
6821
6822
6823
6824
6825
6826
6829
6851
6869
69011
6910
6918
6925
6926
6929
6931
6950
69589
7011
7013
7018
70211
7030
7061
7063
70700
70704
70705
70709
70714
70715
70724
7079
70900
7092
7100
71516
71596
71691
7179
71849
71906
71940
71941
71943
71945
71946
71947
71949
7213
7220
72210
72252
72293
7230
7231
7234
7235
72400
72402
72403
7241
7242
7244
7245
7246
7248
7249
7262
72633
72704
72709
72743
7282
7284
72871
72886
72887
72888
7289
7291
7294
7295
72981
73007
73015
73020
73027
7336
73390
73730
74190
7420
74363
74429
7454
7455
7467
7469
7470
74710
7483
74860
74920
74921
7500
75010
7508
7512
7513
7514
75249
75251
7530
7540
75470
75501
7560
75619
75670
75673
7580
7581
75889
7589
7634
76502
76510
76512
76514
76515
76516
76517
76518
76519
76523
76525
76526
76527
76528
76529
76870
769
7700
7704
7705
7706
7707
77081
77082
77089
7714
7717
77181
77189
7746
7750
77750
7778
7779
77931
77934
7795
77989
7799
78001
78002
78009
7801
7802
78031
78032
78039
7804
78054
78060
78061
78079
78091
78093
78096
78097
78099
7812
7813
7820
7821
7822
7823
7824
7825
7828
7830
78321
78322
7833
78340
78341
78342
7835
7839
7840
7842
78492
7850
7851
7852
78550
78551
78559
7856
78603
78605
78607
78609
7861
7862
78630
78650
78652
78659
7867
7869
78701
78702
78703
78720
78721
78722
7873
7877
78791
78799
7881
78820
78830
78841
78891
78900
78901
78904
78905
78906
78907
78909
7892
78930
78959
78960
7897
79021
79029
7905
7906
7907
7908
79091
79092
7910
7921
79311
79319
7935
79431
7945
7960
7964
79902
79922
7993
79982
8020
80220
80224
80225
80226
80229
80500
80600
80615
80700
80709
81000
81100
81200
81342
81344
81381
81382
81400
81601
8180
8208
82100
8220
82300
82382
8244
8248
8250
82521
82525
8290
8362
8409
84500
84509
84510
8470
8472
8488
8489
85400
86600
8690
8728
87343
87344
8910
8941
8950
8976
9152
9164
920
9221
92310
92320
92420
94321
9460
9490
95205
95901
95909
95911
95919
9592
9593
9594
9596
9597
9598
9599
9663
9694
9778
9779
99591
99659
99662
99674
99683
99731
99859
99883
99932
9999
E9685
V016
V0179
V0381
V0382
V040
V0481
V0482
V0489
V053
V061
V064
V068
V0731
V090
V1254
V1302
V1586
V1588
V171
V195
V201
V202
V2031
V2032
V220
V221
V222
V2389
V239
V242
V2502
V2509
V2511
V252
V2541
V259
V284
V3000
V3001
V3401
V421
V4365
V440
V441
V4511
V454
V4589
V462
V4976
V4984
V4989
V502
V537
V5409
V5419
V5481
V551
V571
V5721
V573
V5789
V580
V5811
V5832
V5844
V5849
V5861
V5869
V5878
V5881
V5882
V5883
V6089
V6284
V6285
V6540
V655
V667
V6709
V674
V6751
V6759
V679
V692
V700
V702
V703
V714
V715
V717
V7181
V7189
V719
V7231
V7261
V7269
V7281
V7283
V7284
V7612
V783
V793
V851
V872
30181
34711
34710
34701
34700
76072
47811
78702
78701
78701
5221
77750
72886
V071
V070
V0739
V078
V0731
V072
V031
V062
V050
V060
V047
V061
V061
V035
V063
V0481
V0481
V052
V064
V042
V051
V068
V068
V058
V0489
V036
V033
V040
V040
V045
V045
V0482
V0482
V043
V041
V066
V065
V037
V032
V039
V059
V054
V053
V053
V044
V079
77981
77981
7717
7716
7756
7756
7715
7742
77431
77430
77982
2372
2367
2380
2375
2383
2381
2385
23691
2356
2351
2353
2350
2376
2355
2374
2363
2366
2379
2359
23699
2388
2362
2373
2371
2370
2361
2386
2358
2365
2382
2352
2364
2357
23690
2360
2389
2394
2392
2396
2393
2390
2390
2397
2395
2391
2399
3383
3383
23989
23981
58381
5832
5831
5830
5834
58389
5839
5881
5930
58181
58181
5812
5811
5813
5810
58189
5819
99700
79921
38912
38913
7292
3535
3005
51661
23771
23772
23770
59654
56481
33392
33392
7818
99761
3410
0949
37035
28804
28800
28800
28953
4481
33942
36860
V604
78843
78836
37146
37902
20203
20206
20202
20204
20201
20205
20208
20207
20200
60011
60010
38812
38810
99975
28310
99883
99883
7399
7391
7390
7396
7393
7395
7398
7394
7392
7397
V4512
36251
30740
36203
67523
67522
67521
67524
67520
3220
4376
36600
7936
7933
7934
7934
7935
7931
7937
7932
7930
79415
79401
79431
79431
79402
79417
7923
7920
7924
7922
7921
7952
7947
7944
7948
7945
7946
7949
7942
7960
79413
7904
7963
2892
79552
7955
79551
79551
3814
3814
2411
2410
72973
72972
72971
4320
72992
72767
72763
72764
72769
72768
72766
72765
72762
72760
7322
73382
650
0822
36604
8322
4257
261
37733
37954
37950
64913
64912
64911
64914
64910
27803
27800
27800
4252
V7189
V7189
V7181
V7182
V7183
V292
V713
V715
V715
V714
V714
V716
V7101
V7102
V298
V7109
V7109
V717
V293
V290
V711
V291
V712
V719
V299
3003
3003
3014
67323
67321
67324
67320
66023
66021
66011
66010
66003
66001
5762
38160
5752
37555
37555
74684
49121
49121
49122
49120
3314
32723
32723
43301
43300
43311
43311
43310
43331
43330
43381
43380
43391
43321
43320
36504
8711
8710
78193
7170
71783
71781
71782
71785
71784
6223
6187
6244
412
36106
36107
6234
72633
7612
65803
65801
65800
7885
7714
75672
1253
36976
36974
36969
36967
36962
36963
36961
64982
64981
68102
68111
36510
36505
36501
52424
81351
83412
8371
83210
83410
83810
83110
83811
83310
8081
81013
81212
82531
82013
81512
80166
80196
80170
80150
80151
81511
80613
80611
80610
80619
81410
80510
81010
82131
81312
81353
81612
8053
80511
81315
80851
82010
8076
81252
82130
81350
81354
8055
8025
80237
80235
80238
80231
80239
80234
80232
80236
80230
81253
81510
82535
82012
81611
80518
81519
81613
8021
81411
82532
81514
81316
81311
8261
80711
8027
8029
8221
81610
81318
80710
8057
80512
82111
82331
82332
81231
81513
81331
81333
82330
81332
80516
81011
81211
80631
80636
80635
82530
81254
82110
82391
82392
81390
81230
81250
8209
81391
81393
82390
81392
81210
8069
8059
82311
82312
82310
80061
80070
80075
80050
80052
80490
80480
80482
81313
82133
81251
8089
8793
8792
8795
8794
87212
87202
87211
87201
88012
88002
8761
8760
8791
8790
87371
87361
8771
8770
87351
87341
8751
8750
87271
87261
8729
8728
88111
88121
88101
87210
87200
87350
87340
87340
8831
8832
8830
8921
8921
8922
8920
88110
88120
88100
88100
87352
87342
87372
87362
8821
8822
8820
8901
8902
8900
87354
87344
8911
8911
8912
8910
8910
87400
87401
87353
87343
87370
87360
87339
87329
88019
88009
87332
87322
87321
87323
87330
87320
87279
87359
87349
87379
87369
87269
8789
8788
8749
8748
8797
8796
87365
8780
8744
8731
8730
8730
88001
8783
8782
88010
88000
8743
8931
8932
8930
87374
87364
87373
87363
87412
87402
88013
88023
88003
8787
8786
8785
8784
88112
88122
88102
8799
8798
30551
30552
30553
30550
30401
30401
30402
30403
30400
30400
1210
118
31381
31381
37713
37710
37743
9500
37730
37731
5282
5288
37601
37681
37633
37611
37632
37612
37604
60490
6040
V4321
V4284
32710
32700
32740
32720
33384
0739
33382
V585
78602
4580
52571
38161
7237
7335
7311
7310
71589
71580
71504
71509
71509
71500
71537
71533
71534
71536
71536
71538
71535
71531
71530
71532
71517
71513
71514
71516
71516
71518
71515
71511
71510
71512
71527
71523
71524
71526
71528
71525
71521
71520
71522
71597
71593
71594
71596
71596
71598
71595
71591
71590
71590
71592
7327
75651
2682
73077
73079
73070
75652
73300
74561
7455
7455
38870
7661
79389
7906
7906
7964
7964
79029
7015
7015
7853
79679
79509
79519
6318
79589
65443
65441
65444
65440
79009
78869
99969
6164
1338
77581
7061
7061
V4579
V4579
73676
73679
73629
73609
73639
7366
7358
7385
73689
33379
41189
5063
38013
38409
38022
33819
42099
33818
3083
3918
4618
0773
30929
2555
99585
9957
7262
36652
V5409
V5409
V518
51284
29189
V1509
7218
70409
78009
78009
99769
27739
9950
36609
36619
65493
65491
65490
30391
30392
30393
30390
4139
7569
2531
7705
4489
7791
85190
85180
85182
85186
85181
85185
3813
2458
81307
81304
2869
9999
7626
66321
66320
66333
66331
04619
7173
72291
72293
72292
72290
5439
5229
5289
5289
4789
67633
67634
7785
9932
04149
30019
2724
2724
85310
85300
85302
85309
85306
85303
85301
85305
20292
20293
20291
20290
2651
3949
7622
1179
5589
5589
79579
8738
8739
6202
6965
5793
2988
2988
3959
3079
3079
9189
9139
9138
9109
9108
9158
9159
9179
9178
9149
9148
9169
9168
9199
9198
9129
9128
9119
9118
66123
66121
66120
41419
74729
75249
52429
74409
74402
75219
75169
74749
7515
7483
7483
75569
7481
74739
37949
7563
75619
75566
52439
75559
75239
V282
64183
64181
64180
37152
2534
30009
77082
542
44409
1341
V446
V448
78959
78959
44029
6918
6918
75839
2662
V403
2155
2150
2153
2158
2156
2154
2157
2152
2159
40519
42653
29689
V5909
73329
7318
74449
7458
9404
9401
7273
5941
11289
V472
64860
64863
64861
64864
3668
32381
32382
66081
7917
3343
33189
37569
78659
78659
99559
3335
37214
4918
5952
69274
4748
09839
57149
38016
38129
5718
38023
33829
33829
6147
33828
4168
38119
4738
83503
82129
81249
82529
81209
81342
81342
80310
80340
80349
80346
80341
80344
80330
80339
80331
80320
80320
80322
80329
80326
80321
80325
80300
80302
80309
80306
80301
80305
82009
36859
56969
74925
2581
33944
59683
99676
99671
99677
99675
99672
99678
99679
99674
99673
99673
99670
99670
66883
66882
66881
66884
66880
53909
66983
66982
66981
66984
66980
66943
66942
66941
66944
67432
67434
67430
53989
67482
67484
67480
7625
7585
75889
75889
75881
34889
31289
75679
74349
74369
74869
74359
74609
75019
74339
75563
7712
65463
65461
65460
37239
56409
28409
78039
78039
37149
37189
74343
2553
64893
64892
64891
64894
64890
7378
5262
28859
2776
27909
75479
3330
37456
3418
52109
52459
V462
71749
69279
V212
31539
31539
99749
99749
47819
47819
47879
51889
51889
5193
47829
5198
28959
51919
51919
4785
83659
73399
27549
3638
72479
37289
3888
30759
38189
38089
37489
36089
31239
36489
27509
3868
37589
67683
67682
67681
67684
67680
37939
2728
38389
6268
6268
38589
72889
2536
37749
42981
2738
2772
36789
37919
72999
72789
2538
37929
37887
2702
52879
2707
7784
28412
99527
34939
70909
70909
30747
78729
36275
62409
V413
9588
1022
63381
63380
9949
08249
V508
28869
31389
31389
4928
4928
32341
34839
74569
42499
36019
52579
048
72679
72639
72669
69519
6908
53019
V7219
33399
V411
3518
V6109
65373
65371
65370
77018
77017
72879
V4962
27669
27669
V6759
38658
34581
34580
3708
34683
34681
34682
34680
37956
7621
36189
33389
33119
59659
56489
72749
53649
53649
V2509
V703
V703
78099
78099
4371
4371
V8389
V8279
V2632
V2639
05419
V475
09819
09849
27419
7596
7354
33989
V6149
V201
4266
27503
2827
2823
78639
28659
05829
05889
2788
25208
42518
7783
45829
2443
33709
4378
79989
37999
42989
66612
66614
66610
20380
56039
73082
73089
73085
73080
77189
3735
3738
35979
35789
61689
6084
6084
6072
72089
99988
76719
76719
7673
86509
95912
95911
95911
95914
95914
95919
86359
86349
86409
66551
66550
86339
86329
71789
51669
36217
V2629
36459
37959
30029
V6809
71887
71883
71884
71886
71889
71888
71885
71881
71880
71882
V4369
7326
37049
65583
65581
65580
73739
73719
V7269
37512
43889
43881
43884
43882
43883
43885
4263
4263
3552
3541
20880
20880
6978
36844
73729
52519
5948
23879
4571
20481
20480
36332
67084
67080
78079
78079
0844
20283
20282
20284
20281
20285
20288
20287
20280
1991
1991
40509
7631
2648
38423
99609
99639
99649
99647
V402
36024
75833
38519
35579
3548
0663
33529
E8154
37203
V3401
V3401
V3400
V3501
V3600
V3601
V371
V3701
V3700
65161
65160
72819
72989
20580
3368
35989
20083
20088
20080
20082
77589
77439
3538
99709
23779
28809
28319
36229
09941
09949
09940
4578
38039
6208
79399
79319
79319
7969
7929
7954
79409
79439
79419
7905
7905
79099
7919
7919
79539
2872
76079
2698
67383
67382
67384
5373
75329
82139
82539
81219
81352
80390
80380
80382
80385
80370
80371
80350
80352
80351
80355
37739
37689
60499
V4389
32709
32749
32729
3278
32759
V5489
75659
73309
38869
2568
25639
2561
30789
28419
2732
V6129
75269
7268
38619
2948
V6519
30189
67153
67151
65673
65671
65670
V501
51289
4718
2441
37158
32362
5644
99859
99859
V4589
73722
64220
64222
64221
64223
64224
42769
76514
76515
76516
76517
76518
76518
76519
76519
76512
76513
76511
76510
76510
4254
01080
0912
28739
65883
65881
65880
V495
V698
V488
V418
V2649
61809
2638
6961
6968
V6289
V1549
41519
41519
51882
51852
51882
68609
34409
V658
78609
78609
99739
77089
V9039
V9009
74356
36289
36119
56738
7142
72759
36333
37909
V7619
V7612
V7612
69018
70219
42613
28749
27903
37445
03849
5728
5728
99959
99952
262
78559
28269
28268
61179
79959
79929
78059
30089
3152
31509
52189
30749
7283
7628
73819
2448
30989
99589
V5889
V5849
V5849
4958
5168
52479
2858
7538
74789
7518
74429
7504
7438
75289
7533
75026
75689
75029
7488
75739
7507
7578
7558
7508
7534
V2889
28489
71687
71683
71684
71686
71689
71688
71685
71681
71680
71682
08889
04089
04183
04181
04184
04185
04189
V4039
6108
7678
6948
V4509
42789
42789
5988
3308
07988
6398
76389
64683
64683
64682
64681
64684
64680
99889
V4989
7788
5298
77989
42689
75989
7424
74363
74489
74689
74346
7428
74259
V218
V258
V6549
V6549
75319
3158
52489
1118
7028
7108
2888
2888
07888
0748
07889
28989
7048
7038
5778
4238
4178
7068
52689
5278
2548
2798
2558
2708
4478
5768
5968
59689
61189
72619
2718
45989
53089
3798
62989
5758
56989
56989
71987
71983
71984
71986
71989
71988
71985
71981
71980
71982
59389
5738
60889
27789
2758
34989
2518
2528
60789
56889
6028
56949
7098
53789
70589
5258
2468
5208
59984
59989
6218
58889
29289
30461
30462
30460
9918
2598
29699
29699
69589
V7285
V618
65683
65681
65680
6198
4148
51189
3898
7328
53541
53540
V708
61889
36589
9928
1288
34281
34282
34280
64083
64080
7728
2878
2828
V6089
44629
7018
2511
4588
3568
65983
65981
65980
3438
3438
67581
67584
1368
64783
64782
64781
64784
64780
1348
6148
6018
71489
1277
5798
5798
56089
2808
20781
20780
6868
17389
17349
17309
17339
17359
17369
17399
65283
65281
65280
3148
7618
7608
2813
6278
E8889
65180
0318
3588
35929
0498
6228
6238
6248
31089
75489
66583
66582
66581
8708
V4289
34489
2978
7778
5238
44389
56789
V1589
29980
29981
2588
V7283
V7283
V2689
0078
6988
3068
30289
01182
V638
01280
V9089
78829
07959
0838
0038
2908
0388
04142
8488
9598
9598
6258
52469
0638
4358
7768
29389
66481
66484
3508
59589
6038
0208
29582
29584
29585
29583
29580
7088
V0389
V0381
V0381
V0382
V0382
0998
0578
07049
07059
07989
0478
07819
3688
78459
78459
33519
3348
5128
84519
84509
84219
84209
03819
48249
V4569
52809
56729
V8909
78469
7839
7899
7859
78799
78499
78499
78199
7869
7829
78899
7248
71967
71963
71964
71966
71969
71968
71968
71965
71961
71960
71962
7238
72709
8362
72705
2578
2572
28249
64413
64410
V4972
51909
51909
99989
7755
74519
33909
5568
66383
66381
66380
7999
52569
7249
40599
V617
5934
59789
78839
V474
13109
75469
75459
9992
09952
09953
09953
09954
09959
09955
09950
64723
64721
64720
67183
67181
67184
67180
4532
4533
4539
55229
55329
59373
0778
64763
64762
64761
64764
64760
36815
2811
37924
78449
64383
64380
77933
62579
30591
30592
30593
30590
8270
8271
05371
38871
38860
3870
3871
3879
V276
V270
V271
V272
V279
65333
56402
63321
63320
3130
78838
27802
27802
6265
71947
71947
71943
71943
71944
71946
71946
71949
71949
71948
71948
71945
71945
71941
71941
71940
71942
7295
7295
37991
7241
78652
78652
71937
71933
71939
71938
71930
78261
7851
37881
V4283
2532
30001
30001
7236
72939
72930
37062
36002
36012
79672
79671
79674
79673
79502
79501
79501
79506
79504
79504
79503
79512
79511
79514
79513
37701
37703
37700
64603
64600
1161
3320
59653
47830
47830
3449
5601
37421
37431
37850
3010
2970
29532
29534
29535
29531
29533
29530
29530
47822
2972
3441
6962
37215
36013
3736
32744
0021
0519
36751
4270
4270
4272
4271
36321
25952
74742
52550
38524
37715
36233
72613
07983
0272
7581
72664
7470
73312
73311
73314
73315
73319
73316
73313
73310
71827
71823
71824
71826
71828
71825
71821
71820
71822
2922
31231
3817
71432
36261
75482
75481
V6511
1329
1320
1321
6255
66574
66570
61883
6146
4565
6945
6944
8704
8703
8716
8715
53391
53390
V4582
5763
5304
5754
56983
38420
99644
99645
5227
5225
38000
7776
7744
7740
7745
7741
61805
V210
32751
3593
5235
73037
73034
73036
73039
73038
73035
73030
67453
67452
67451
67454
67450
44381
3371
37148
64643
64641
64644
64640
37102
37242
37241
36260
36334
V4282
20278
20270
9972
4439
38610
56722
5680
56882
56721
5670
475
7797
2810
2810
3561
27786
E9670
30742
30744
74783
2540
34661
34660
34653
34651
34652
34650
9986
78003
5362
V632
V652
V606
V655
V655
V1367
V1364
V1365
V1368
V1363
V111
V113
V146
V145
V143
V141
V148
V140
V147
V142
V149
V1381
V8741
V134
V1241
V1322
V1272
V1584
V1586
V1586
V1585
V157
V123
V133
V1221
V1072
V1361
V8746
V1242
V153
V1060
V1061
V1082
V1051
V1081
V1085
V103
V1011
V1041
V1003
V1084
V1040
V1000
V1052
V1005
V1021
V1007
V1022
V1002
V1088
V1044
V1009
V1086
V1042
V1029
V1089
V1043
V1046
V1006
V1053
V1020
V1004
V1047
V1087
V1001
V1050
V1091
V1204
V1063
V1062
V112
V1581
V121
V1362
V1369
V1259
V1279
V1269
V1269
V1249
V8749
V1229
V1329
V1209
V1559
V1069
V1079
V1083
V118
V1359
V1389
V1309
V1351
V1271
V137
V1261
V156
V1202
V1321
V1255
V1553
V110
V1352
V1253
V151
V1529
V8745
V1252
V1582
V1254
V1254
V1552
V1551
V131
V1201
V1521
V1583
V1250
V1270
V139
V1260
V1240
V1200
V1090
V119
V1300
V1301
V1323
V1251
V1324
V1303
V1302
3101
72661
3452
38320
60785
3536
0772
2701
45119
45183
45111
45181
325
4512
45189
4510
4519
45184
45182
0660
37533
37031
30020
37024
1322
37105
V4987
30752
33111
36453
36513
36274
70441
6850
6851
37251
37234
2533
6963
6964
1110
7620
64103
64101
64100
7623
72871
07812
28864
5111
5110
72783
5295
3201
481
0382
0412
503
502
505
1363
4800
48281
4831
48282
4822
4820
4830
48283
48289
4838
48239
4808
4802
4821
4801
4803
48240
48231
48232
48230
4846
4841
4848
4847
4843
486
486
5070
5078
504
9620
9773
9633
96972
9700
9621
9730
9624
9756
9766
9664
9630
9757
9645
9642
96900
9735
9772
9601
9722
9631
9761
9754
9617
9654
9670
9780
9694
9673
9692
96971
9720
9721
9680
97081
9724
9770
9734
9745
9732
9763
9603
9755
9765
9612
96501
9661
9623
9683
9640
9731
9764
9771
9641
9760
9762
96502
96973
9789
9676
96901
9701
96500
9768
9729
9663
9753
9684
9629
9689
9799
9796
96909
9726
9618
9615
9693
96569
9733
9733
97089
9744
9657
96509
96979
9678
9738
9658
9658
9608
9778
9698
9695
9725
9622
9672
9711
9710
9626
9600
9691
96561
9696
96970
9741
9655
9651
9743
96902
96903
9752
9662
9610
9685
9713
9712
96904
9604
9627
96905
9769
9739
9659
9609
9709
9779
9719
9699
9679
9747
9635
9605
4460
71431
71430
2730
75313
75314
75312
2564
7764
2384
2890
75501
75502
75500
7835
2589
7613
65703
65701
65700
725
7104
3576
3577
3571
3572
3573
3574
75654
6210
6246
4710
6237
4784
7836
4711
78842
52567
65653
65651
65650
5723
5723
5721
452
52573
76621
23877
33920
72991
78835
64513
64511
64510
78033
2562
2571
5760
6267
3102
37113
37934
83652
52482
36602
36614
36471
5642
05313
05312
515
72281
72283
72282
72280
4570
38330
6273
6271
4110
78491
72813
99801
99809
99802
99800
5982
V240
V241
66632
66634
45912
45919
45911
45913
45910
99732
78062
2513
2440
28741
30981
30981
9583
9583
5936
78063
0520
56971
0599
75981
64273
64272
64271
64274
64270
V7281
V7281
V7284
V7282
V7263
74447
74446
7636
66133
66131
66130
79001
2591
78651
3081
3080
3082
36500
V7241
V7242
V7240
V2385
V2342
V2386
V2341
V2387
V2349
V222
V222
42760
30275
25631
7611
65813
65811
65810
64123
64121
64120
6270
6254
72665
38801
3674
V452
V4551
V4559
V4552
29011
29012
29013
29010
70706
70705
70701
70707
70704
70703
70709
70721
70722
70723
70724
70700
70720
70725
70702
65423
65421
65420
6073
7051
36520
77081
77081
7704
27781
20050
32721
3342
33984
70521
28981
28981
25201
36031
36401
36511
37711
4160
51281
33985
28730
33943
01000
01090
66103
66101
66100
4131
V412
V417
V410
V416
V643
V2641
36900
36960
3182
33522
36021
73732
0463
33521
66303
66301
66300
6185
6204
65273
65271
7624
5995
36202
3091
66203
66201
64523
64521
64520
66223
66221
66220
V5041
V5042
V0752
V0759
6019
36851
2814
7910
0416
75671
6982
6980
6981
31081
33523
36552
36611
37204
0417
37724
5564
37252
56731
56731
6960
316
30652
30653
30780
2984
30651
30754
36816
30272
30279
30270
29381
29382
37240
61181
37430
V211
6263
67012
67014
67010
67024
67020
67034
0391
5162
5160
0221
74732
74731
5180
5180
66803
66800
514
514
0310
5183
7703
5185
01193
01194
01196
01190
0212
4243
5222
5220
37021
36475
2720
2721
36000
59081
59080
59080
5903
53781
68601
68600
71107
71103
71104
71106
71106
71109
71108
71105
71101
71100
71102
6861
67202
67204
67200
31233
0830
34401
34402
34403
34404
34400
34400
65153
65121
2871
071
8410
72704
5228
8412
V725
75553
7821
7821
4430
3490
2982
36103
36102
36104
36101
36105
36477
5691
61804
38332
71834
71837
71833
71836
71838
71835
71831
71830
71832
37142
32713
36402
32743
28481
37993
7554
605
V6881
38872
33729
33722
33721
33720
53011
36803
3563
V626
5551
5550
5552
5559
36721
0993
0871
0879
3133
32742
7530
5902
7880
7880
V4511
75315
586
586
5880
587
74762
30748
V682
7296
4559
36515
73731
78600
7991
77087
7991
51634
5088
5082
5089
769
77084
3061
0796
33394
3766
V9031
99741
5253
37486
38583
V909
V9081
V9011
V9010
V9012
66702
66704
66700
V902
66712
66714
66710
V9032
V9033
78820
78820
20002
20001
20000
36232
36130
36100
36272
36283
36282
36281
36284
36214
36216
36285
36215
36230
36218
36222
36223
36224
36225
36220
36110
75252
37732
60887
36221
36221
47824
65433
65431
07950
99970
72888
72888
65613
65611
65610
3951
3950
3920
3929
3971
390
39890
39891
3941
7290
7140
7140
71481
0401
0793
0864
2680
2681
0839
4264
42652
37002
69581
6953
37231
05811
05810
8404
36131
V700
V700
V7231
V7231
V202
V202
V502
V242
V242
64751
05679
05600
0569
36442
30753
30753
37133
4472
5966
4295
8712
72883
4296
72750
66501
66500
66511
9523
7202
44401
41513
0030
0039
0031
6142
135
1365
79507
1330
1330
6261
7092
0341
37264
3411
1200
1202
1201
1209
29572
29574
29575
29571
29573
29570
29570
30120
29562
29564
29563
29560
29542
29544
29543
29540
30122
72232
72231
72230
23773
7243
37911
37905
37900
56782
73730
73730
73743
73743
73733
36841
36842
V744
V743
V757
V752
V742
V751
V732
V735
V748
V758
V741
V741
V750
V733
V755
V749
V759
V745
V746
V791
V825
V823
V776
V790
V793
V771
V803
V774
V8271
V811
V811
V780
V780
V810
V7791
V763
V762
V762
V7642
V7644
V7641
V7643
V7645
V772
V792
V792
V815
V778
V812
V781
V7799
V816
V814
V788
V802
V783
V783
V777
V822
V798
V773
V821
V782
V820
V770
V829
V789
V799
V7611
75281
4564
7062
7062
7063
69011
7063
69010
69010
69012
66411
66414
66410
9582
1962
1966
1961
1963
1960
1965
1969
4259
37122
24920
24921
24910
24911
24960
24961
24950
24980
24981
24970
24971
24940
24990
24991
24900
24901
28982
58881
58881
25202
36403
36404
37514
1987
1985
1983
1983
19881
19882
1980
1975
1975
1970
1970
1971
1978
1984
1973
19889
1981
1986
1972
1976
1982
1974
20971
20972
20979
20970
3321
36265
51282
0913
66113
66111
66110
36266
36843
30541
30542
30543
30540
30411
30412
30410
27901
27902
31323
6080
36610
37141
29020
29021
2900
37411
37401
36616
36616
73301
36264
797
38916
38918
38918
38915
38915
38910
37444
38911
38917
V485
V493
30921
99591
75235
449
41512
78552
77181
0383
03842
03840
03841
03843
03844
0202
99813
37201
36242
38631
3612
52523
52526
7685
76873
3181
3181
36206
64253
64252
64251
64254
64250
99592
36573
20220
99555
2973
04141
0040
0049
66913
66911
78550
66343
66341
33905
78343
78605
78605
66043
66041
66040
V4967
9592
9592
V4361
31321
5272
5275
7102
7102
28260
28260
28242
28241
2825
28264
28263
2850
74321
4910
37211
62131
74311
29502
29504
29505
29501
29503
29500
36832
V301
V3001
V3001
V3000
V3000
V302
42781
7593
37854
3063
V423
30746
78050
32753
32726
32752
78058
56401
56401
78862
5899
0509
V624
30023
30023
31222
31223
31220
36331
73321
6100
79311
30081
36753
37882
72885
72885
5765
33383
37403
34211
34212
34210
V7381
V7388
V7389
V7398
V7399
V7650
V7651
V7649
V7646
V760
V7652
V7647
V8281
V7689
V8009
V8289
V8001
V769
30923
7272
74424
7574
7575
74344
7576
74364
74365
74357
74366
74347
31534
6081
75617
74101
74102
74103
74100
74191
74192
74193
74190
7201
33510
7230
72402
72403
72409
72401
72400
72400
74782
3349
0260
28952
7892
7892
78861
75612
75611
72191
72190
72142
72141
63420
63412
63411
63410
63461
63401
63402
63400
63441
63451
63450
63472
63471
63470
63482
63481
63480
63492
63491
63490
56723
7827
5120
0820
64953
64953
64951
64950
84500
84502
84201
84211
84842
8474
8442
84501
84510
84210
84213
84513
8481
8440
8472
8460
8441
84212
84512
8470
8470
8468
8485
84202
8483
8461
8473
8480
84841
84840
84849
8471
8482
8443
84503
8479
8469
84200
84200
84511
8418
8438
8448
8448
8408
8419
8439
8449
8449
8409
37302
17312
17382
17342
17322
17302
17372
17332
17352
17362
17392
77751
77752
77753
0050
03810
04119
04110
37912
V444
37553
37552
37554
47874
37556
37556
74602
74602
5692
3073
V252
36503
69513
69514
33391
71950
71957
71953
71954
71956
71959
71958
71955
71951
71952
52800
36801
37873
78865
0261
3202
0380
0340
0340
04109
04101
04102
04103
04104
04105
04100
73396
73395
73398
73397
73394
73393
6256
78832
7013
6224
5303
4471
60885
6232
5933
7861
37112
1272
3070
3362
2931
2931
33385
20422
2451
74681
430
85210
85211
85215
85200
85200
85202
85206
85201
7722
4352
6941
7670
4321
85230
85231
85220
85222
85226
85223
85221
85224
85225
41070
41070
41071
41072
4953
38831
36810
37932
2180
38301
8405
2182
V6142
3882
7980
36811
V6284
V6284
E9585
69271
69276
9136
9137
9106
9107
9156
9157
9176
9177
9146
9147
9166
9167
9196
9197
9126
9127
9116
9117
9182
9181
9180
37020
67123
67124
67121
67120
8407
5201
V2382
V2381
V233
V232
V230
V231
V237
V235
V2384
V2383
V220
V220
V2389
V221
V221
V239
V239
67654
67650
36831
38633
46451
46450
8406
42761
V641
V642
V642
V2541
V2543
V2542
V2542
V2549
V8905
65553
65551
65550
65543
65541
65540
65563
65533
65531
V8903
V8902
V8901
V8904
73622
0782
72981
72981
37992
7866
7842
0600
37263
78460
36011
3596
6272
6274
7802
7802
75512
75511
75510
75514
75513
7750
7750
7750
7750
7750
7750
7750
7750
7750
7750
7750
7750
7750
7750
7750
7750
7750
7750
7750
7750
7750
7750
7750
7750
7750
7750
7750
7750
7750
7750
7750
7750
7750
7750
7750
7750
7750
7750
7750
7750
7750
7750
7750
7750
7750
7750
7750
7750
7750
7750
7750
7750
7750
7750
7750
7750
7750
7750
7750
7750
7750
7750
7750
7750
7750
7750
7750
7750
7750
7750
7750
7750
7750
7750
7750
7750
7750
7750
7750
7750
7750
7750
7750
7750
7750
7750
7750
7750
7750
7750
7750
7750
7750
7750
7750
7750
7750
7750
7750
7750
7750
7750
7750
7750
7750
7750
7750
7750
7750
7750
7750
7750
7750
7750
7750
7750
7750
7750
7750
7750
7750
7750
7750
7750
7750
7750
7750
7750
7750
7750
7750
7750
7750
7750
7750
7750
7750
7750
7750
7750
7750
7750
7750
7750
7750
7750
7750
7750
7750
7750
7750
7750
7750
7750
7750
7750
72751
72740
72701
72700
64701
64700
64703
0979
0950
3360
99594
99593
99590
99590
7100
7101
42820
95210
95216
95219
95215
0940
7850
7850
78606
1230
1233
4467
42983
75462
75471
75451
75460
75450
75470
75470
3555
37515
8361
8360
5207
5207
70402
34881
52461
52462
52463
52460
52464
72706
30781
33910
7796
2570
V2631
V2634
037
7817
7452
28246
28240
66421
66424
66602
66604
66600
37851
37852
4412
4411
44771
7244
3533
7212
4417
73734
64003
64001
64000
64403
64403
64400
7841
4431
2875
2875
4531
4466
V4961
64813
64811
64814
64810
2459
37621
24241
24240
24280
24290
24291
72662
72672
30720
0661
0829
3333
7336
6233
1112
1111
38830
3051
64903
64901
64904
64900
7500
37946
60824
60823
6205
60820
7235
81345
81347
81346
82341
82342
82340
74334
74741
36617
38425
30723
36645
24201
24200
24200
9831
9897
9820
9882
9855
9822
986
9821
9832
9839
9876
9830
9800
9880
9803
9840
9802
9875
98982
9870
9850
9801
9881
9841
9893
9823
9871
9848
9828
9894
9808
9878
9858
9888
98989
981
98983
9896
98984
9809
9879
9849
9859
9889
9899
9895
34982
69515
6950
5582
36255
24220
42293
3582
3594
24230
37734
04082
24210
1280
1307
1309
53084
7503
51900
V440
0761
0760
0769
36181
30251
30250
27661
99980
78002
78002
71647
71643
71644
71646
71649
71645
71641
71640
71642
30741
30743
4377
64233
64231
64232
64234
64230
7761
7814
36781
36234
30721
36812
7774
7706
75531
75521
65233
65231
65230
75246
3023
8877
8876
8873
8872
8871
8870
8874
8961
8960
8976
8977
8973
8972
8971
8970
8975
8974
8861
8860
8860
8851
8850
8951
8950
9585
71617
71613
71614
71616
71619
71618
71615
71611
71610
71612
36620
95893
95892
95899
95891
8603
8602
72812
8605
8604
8601
8600
9584
7217
9587
5981
37405
70442
124
13102
13101
1318
1319
1273
7461
4242
4242
42654
3509
3501
72703
5953
8246
8247
65113
65111
65110
36853
5791
41060
41061
V2651
63311
63310
01323
01344
01345
01610
01130
01526
01126
01100
01112
01110
64733
64734
01650
01793
01790
01720
01701
01702
01706
01700
01500
01305
01300
01401
01400
01200
01160
7595
V260
27788
65413
65412
65411
65410
V311
V3101
V3100
V3201
V3201
V3200
V331
V3301
V3300
V9103
V9102
V9100
65133
65131
65130
65103
65101
65100
38501
38503
38500
0020
0819
70713
70713
56941
70712
53021
53020
70714
70714
70710
70715
70719
70711
56982
61651
61650
5560
5561
5562
5563
37301
5569
0210
8411
8413
7723
5511
5521
5531
5531
7989
31201
31202
31203
31200
31211
31212
31210
78322
78322
75251
7852
7852
30082
73681
75233
47832
47831
5890
5566
3693
3698
79678
79508
79518
64624
29591
7629
66193
66191
66190
63721
63712
63711
63710
63760
63702
63701
63700
63771
63770
63781
63780
63790
63792
63791
73810
73630
7359
2449
2449
3089
3099
3099
99522
99523
99529
99520
V589
2919
4959
5169
75240
7479
52420
7443
74400
7439
75160
7529
75560
7489
52430
7559
7509
75550
7539
V289
64193
64191
64190
V449
6119
6949
9409
V4500
3669
3239
3309
4379
4379
07998
4919
4749
5719
5719
3823
4599
4599
V069
6399
99760
66993
66992
66991
66994
66990
64693
64691
64690
9989
67494
7789
3489
3489
5299
7799
7449
7429
7469
7579
V219
V259
9219
3719
7379
7459
2819
2819
73670
73620
73600
3159
5249
71897
71893
71894
71899
71898
71895
71891
71890
71892
69270
7109
7049
5219
47870
7039
5779
4239
47820
4179
5199
7069
3369
5269
5279
2549
2889
2889
0319
2899
07798
07799
2559
2709
3379
5769
5969
27540
2719
3639
72470
3729
3529
3889
5309
3809
3789
3789
3749
6299
5759
3609
2799
5699
3649
71997
71993
71994
71996
71999
71998
71995
71991
71990
71992
5939
5939
3759
67691
67694
67690
2729
5739
6089
2779
3859
7289
3779
3769
2519
2529
6079
5689
2739
6029
3679
7099
5379
7059
7279
2539
5259
2469
5209
3849
5999
6219
5889
4479
6269
3499
65393
65391
3129
3129
2929
2929
30491
30492
30493
30490
63391
63390
9939
9919
9929
V509
3139
2599
29690
29690
6959
4019
4019
3819
V729
33390
66073
66071
66063
66061
66060
E8889
V619
7746
65693
65691
65690
6199
V679
V679
8248
8248
8249
5649
5369
53551
53550
53550
V709
6189
5239
3659
3899
3899
7769
64093
64091
64090
7729
2879
4558
4556
3569
3569
V609
3149
3149
64293
64294
64290
64292
64291
40291
40290
7019
2793
65993
65991
65990
73097
73094
73096
73099
73098
73095
73091
73090
73092
67594
67590
64793
64792
64791
64794
64790
1369
71197
71193
71196
71199
71198
71195
71190
3739
3579
6169
6149
6159
7149
7209
86100
86130
86120
7179
5799
5609
4329
71865
3643
V4360
3709
8714
4389
4389
20892
20891
20890
V4970
6869
20492
20491
20490
V469
17310
17340
17320
17300
17370
17330
17350
17360
17390
65293
65291
65290
3839
7619
7609
99640
6279
V409
319
71667
71663
71664
71666
71661
71660
20690
3445
65193
7239
20591
20590
4719
3539
0499
4579
6229
6209
6239
6249
3009
3109
3009
2419
76070
2699
66593
66590
66093
66091
66090
75320
8717
8719
8709
V429
V549
7329
73027
73027
73023
73024
73026
73029
73028
73025
73021
73020
73020
73022
3829
3829
2569
2979
7779
66441
66444
5679
2949
V159
3019
29990
29991
5119
5119
71657
71653
71654
71656
71659
71658
71651
71650
71652
65893
65891
65890
V699
V489
V419
V499
V269
61800
66213
66211
66210
2639
2639
0079
6989
3069
3029
2989
2989
V629
0269
V659
75530
75520
64623
64622
64621
64620
40591
7709
5069
3619
3629
29592
29594
29595
29593
29590
29590
0919
2909
0389
0389
7689
4739
4739
9599
9599
9529
8489
78057
3824
65593
65591
65590
6259
6259
2579
4557
4359
2939
66491
66494
66490
66393
66390
66391
5579
67193
67190
3869
07071
07071
07070
07070
0706
0709
0709
07999
07999
0479
3689
3699
2649
2669
2689
2692
64393
64391
64390
76520
65203
65201
65200
65353
65351
65350
74763
5062
4788
59382
5970
5993
7887
5992
5994
5991
59981
59983
5989
59800
59781
59780
61803
78831
78863
27411
6190
5929
9975
78841
78841
78864
78830
78830
59969
59960
77182
5990
5990
13100
7082
7089
7089
63782
6181
64963
64962
64961
64960
6183
6182
6184
V6401
V6405
V6406
V6409
V6400
75245
6186
6236
79515
6251
61611
61610
34623
34621
34622
34620
7043
0529
4568
67103
67104
67100
4541
4548
4540
4542
67113
0500
66353
66351
37274
74358
37485
99779
99772
29040
29040
29041
29042
29043
59381
60883
60782
7091
75732
66361
3361
V2652
75832
0999
45981
4536
36237
36236
99731
55120
55220
55320
42741
42742
7454
7454
37213
4351
4353
52434
37843
3862
5962
59370
59372
59371
38612
7084
71927
71927
71923
71924
71926
71929
71925
71921
71920
71922
101
064
0579
0700
0701
07021
07020
07031
07030
V0260
38635
4809
4809
07810
7908
05471
7874
37953
36813
36814
36840
79953
2640
2661
70901
37927
36273
74351
37921
37923
37925
36424
78440
9586
27650
27650
5602
78703
78703
5643
56987
2864
2864
4566
66451
66454
62401
62402
62571
62570
V4031
7482
7445
4464
3350
V463
78607
78607
0402
0331
0330
0338
0339
V4964
73605
37451
1029
73811
1177
